0.0000,0.0000,0.0000,0.0000,0.0000,0.0000,0.0000
0.1994,0.4256,0.3052,0.3848,0.6017,0.0496,-26.0000
0.1994,0.4256,0.3052,0.3848,0.6017,0.0496,-46.0000
0.1994,0.4256,0.3052,0.3848,0.6017,0.0496,-62.0000
0.1994,0.4256,0.3052,0.3848,0.6017,0.0496,-9.5200
0.3987,0.3810,0.6047,0.9469,0.4207,0.1057,-33.4400
0.7942,0.8037,0.7995,0.6163,0.3589,0.4658,121.8400
0.9674,0.8685,0.9562,0.4798,0.4061,0.8708,631.4400
0.4566,0.6204,0.5109,0.2782,0.0346,0.0793,2651.2000
0.4351,0.4720,0.5825,0.7821,0.4469,0.1563,-934.9600
0.4941,0.4709,0.4445,0.7586,0.4512,0.1545,-932.6400
0.3532,0.4712,0.6374,0.5436,0.4499,0.1551,-545.9200
0.3497,0.4714,0.3105,0.7753,0.4493,0.1553,-335.8400
0.4726,0.4714,0.5366,0.7815,0.4492,0.1552,-1913.4400
0.4751,0.4713,0.5328,0.6808,0.4494,0.1551,-888.2400
0.4741,0.4714,0.5370,0.7832,0.4492,0.1557,-1369.2000
0.2550,0.6712,0.1582,0.7958,0.3999,0.8957,-724.4000
0.2124,0.2511,0.0945,0.2934,0.2331,0.5047,9.1200
0.0382,0.3475,0.9800,0.5251,0.8544,0.8525,-3005.9200
0.3458,0.6869,0.8595,0.2132,0.7407,0.2607,-389.6800
0.9603,0.0393,0.6532,0.5956,0.8406,0.9739,-3003.2800
0.5117,0.4506,0.9236,0.5774,0.8479,0.9225,-2788.4800
0.4898,0.1912,0.8347,0.5661,0.8566,0.9282,-3133.1200
0.5032,0.1324,0.8253,0.5597,0.8679,0.9255,-3272.4800
0.5286,0.0391,0.8055,0.5570,0.8824,0.9335,-3167.3600
0.5592,0.0000,0.7897,0.5555,0.8988,0.9428,-3471.4400
0.2550,0.6712,0.1582,0.7958,0.3999,0.8957,-42.5600
0.9113,0.0134,0.9282,0.0022,0.9420,0.2072,-2347.1200
0.8516,0.0331,0.8708,0.1289,0.8639,0.1266,-2203.1200
0.9170,0.0116,0.9355,0.0000,0.9492,0.2136,-2751.6800
0.9281,0.0089,0.9455,0.0133,0.8158,0.6328,-3970.0000
0.9282,0.0089,0.9456,0.5934,0.8947,0.5014,-5476.4000
0.9282,0.0089,0.9456,0.6330,0.4703,0.5006,-1538.2400
0.7227,0.0089,0.9457,0.3647,0.8920,0.5089,-4972.4000
0.8985,0.0218,0.9575,0.5626,0.8929,0.5118,-5264.0000
0.6931,0.3235,0.3666,0.5964,0.8942,0.5099,-4246.2400
0.9784,0.2377,0.9607,0.7241,0.8942,0.5084,-3902.8800
0.9128,0.0070,0.9161,0.6210,0.8940,0.5077,-5331.6800
0.9213,0.0078,0.9235,0.5961,0.8951,0.5064,-4160.1600
0.4833,0.0151,0.9546,0.5279,0.8934,0.5077,-3819.2800
0.8573,0.0128,0.8043,0.7881,0.8932,0.5078,-2628.6400
0.3943,0.0191,0.1122,0.1536,0.5063,0.8352,-31.8400
0.9512,0.9380,0.9624,0.9973,0.7347,0.1203,-13.8400
0.1671,0.1338,0.3202,0.9236,0.5040,0.9704,-271.3600
0.5025,0.0869,0.3207,0.5433,0.4868,0.8743,-1316.1600
0.2605,0.3236,0.1881,0.5779,0.1318,0.9149,-2.0000
0.5113,0.0852,0.3635,0.5443,0.4818,0.8756,-1488.4800
