0.0000,0.0000,0.0000,0.0000,0.0000,0.0000,0.0000
0.1994,0.4256,0.3052,0.3848,0.6017,0.0496,5.3600
0.3987,0.3810,0.6047,0.9469,0.4207,0.1057,-6.8800
0.7942,0.8037,0.7995,0.6163,0.3589,0.4658,805.3600
0.9674,0.8685,0.9562,0.4798,0.4061,0.8708,729.6800
0.4566,0.6204,0.5109,0.2782,0.0346,0.0793,2732.3200
0.2990,0.4017,0.4561,0.6711,0.5133,0.0779,-86.4800
0.2917,0.4015,0.4519,0.6658,0.5234,0.0782,-18.0000
0.2931,0.4011,0.4488,0.6611,0.5213,0.0766,-30.8000
0.2860,0.4003,0.4395,0.6485,0.5308,0.0749,-11.9200
0.3024,0.3904,0.4684,0.7147,0.5235,0.0802,-8.0000
